(3.544133,1.551134,17.7598)(3.579932,1.518433,17.8002)(3.622750,1.501286,17.8673)(3.544251,1.551277,17.7599)(3.579896,1.518568,17.8001)(3.622708,1.501161,17.8680)(3.544213,1.551146,17.7602)(3.579865,1.518478,17.7999)(3.622721,1.501161,17.8678)(3.544223,1.551156,17.7600)(3.579868,1.518479,17.8002)(3.622719,1.501169,17.8680)(3.544227,1.551168,17.7602)(3.579873,1.518524,17.7999)(3.622714,1.501164,17.8679)(3.544215,1.551166,17.7600)(3.580011,1.518459,17.8001)(3.622768,1.501197,17.8677)(3.544270,1.551187,17.7599)(3.579889,1.518507,17.7999)(3.622765,1.501167,17.8676)(3.544268,1.551163,17.7604)(3.579896,1.518490,17.7999)(3.622828,1.501248,17.8675)(3.544328,1.551260,17.7598)(3.579919,1.518562,17.7997)(3.622752,1.501169,17.8677)(3.544251,1.551163,17.7602)(3.580048,1.518454,17.8003)(3.622777,1.501222,17.8677)(3.544277,1.551219,17.7601)(3.579933,1.518515,17.8002)(3.622766,1.501222,17.8679)(3.544234,1.551220,17.7599)(3.580027,1.518523,17.7999)(3.622779,1.501207,17.8678)(3.544281,1.551198,17.7601)(3.579917,1.518524,17.7999)(3.622762,1.501220,17.8678)(3.544268,1.551224,17.7599)(3.579909,1.518545,17.7999)(3.622747,1.501176,17.8680)(3.544244,1.551157,17.7603)(3.580032,1.518467,17.8002)(3.622782,1.501260,17.8676)#添加角度偏差，每次都走偏一点，查找后的结果(3.544235,1.551276,17.7596)(3.579948,1.518525,17.7999)(3.622858,1.501213,17.8674)(3.544331,1.551285,17.7594)(3.580003,1.518493,17.7998)(3.622946,1.501276,17.8673)(3.544345,1.551285,17.7592)(3.580022,1.518501,17.8000)(3.622937,1.501279,17.8677)(3.544391,1.551241,17.7594)(3.580044,1.518489,17.8000)(3.622990,1.501295,17.8674)(3.544402,1.551257,17.7595)(3.580062,1.518449,17.8001)(3.622975,1.501307,17.8676)(3.544414,1.551293,17.7594)(3.580108,1.518468,17.7999)(3.623038,1.501306,17.8676)(3.544443,1.551257,17.7593)(3.580119,1.518436,17.8004)(3.623060,1.501307,17.8673)(3.544465,1.551272,17.7594)(3.580154,1.518483,17.8005)(3.623053,1.501334,17.8677)(3.544450,1.551256,17.7593)(3.580149,1.518428,17.8004)(3.623080,1.501206,17.8678)(3.544491,1.551300,17.7593)(3.580205,1.518472,17.8001)(3.623117,1.501307,17.8673)(3.544498,1.551285,17.7595)(3.580217,1.518449,17.8006)(3.623072,1.501261,17.8680)(3.544472,1.551276,17.7594)(3.580217,1.518421,17.8005)(3.623094,1.501255,17.8674)(3.544537,1.551295,17.7599)(3.580233,1.518431,17.8005)(3.623151,1.501140,17.8676)(3.544571,1.551299,17.7593)(3.580246,1.518436,17.8006)(3.623170,1.501160,17.8674)#向后平移两个瓷砖(3.670885,1.553537,18.9900)(3.704298,1.522901,19.0271)(3.744509,1.506723,19.0896)
(3.671106,1.553574,18.9901)(3.704579,1.522964,19.0269)(3.744722,1.506742,19.0895)
(3.671311,1.553552,18.9899)(3.704681,1.522940,19.0273)(3.744844,1.506776,19.0897)(4.458748,1.560747,19.4998)(4.491292,1.530886,19.5332)(4.530313,1.515009,19.5912)
(4.458852,1.560768,19.4999)(4.491346,1.530878,19.5328)(4.530378,1.515048,19.5913)
(4.458974,1.560704,19.5001)(4.491424,1.530925,19.5334)(4.530461,1.515059,19.5910)
(4.459022,1.560797,19.5000)(4.491383,1.530808,19.5330)(4.530476,1.514983,19.5914)
(4.459003,1.560745,19.5003)(4.491451,1.530758,19.5334)(4.530493,1.514990,19.5912)
(4.458999,1.560702,19.4999)(4.491375,1.530773,19.5333)(4.530462,1.514984,19.5913)
(4.459000,1.560773,19.4998)(4.491513,1.530910,19.5341)(4.530491,1.515000,19.5910)
(4.459061,1.560707,19.5003)(4.491518,1.530887,19.5340)(4.530502,1.514876,19.5914)
(4.459058,1.560697,19.5003)(4.491458,1.530878,19.5332)(4.530512,1.514969,19.5913)
(4.459118,1.560698,19.5005)(4.491475,1.530783,19.5335)(4.530507,1.515013,19.5913)
(4.459049,1.560802,19.5345)(4.491500,1.530812,19.5336)(4.530544,1.514983,19.5913)
(4.459069,1.560682,19.5004)(4.491471,1.530850,19.5332)(4.530528,1.514972,19.5913)
(4.459062,1.560715,19.5003)(4.491478,1.530755,19.5337)(4.530546,1.514955,19.5914)
(4.459073,1.560768,19.5000)(4.491516,1.530717,19.5341)(4.530555,1.514986,19.5913)
(4.459062,1.560796,19.5000)(4.491484,1.530870,19.5330)(4.530549,1.514983,19.5913)
(4.459071,1.560748,19.4999)(4.491499,1.530780,19.5335)(4.530548,1.514947,19.5915)
(6.124619,1.541458,0.7285)(6.211265,1.541795,0.8396)(6.248152,1.523491,0.7619)
(6.164276,1.484688,1.3674)













(4.530505,1.470466,0.000000)(4.530505,1.470465,0.000000)(4.530505,1.470465,0.000000)(4.565503,1.438455,0.000000)
